name: metaphlan
channels:
  - conda-forge
  - bioconda
  - defaults
dependencies:
  - _libgcc_mutex=0.1=conda_forge
  - _openmp_mutex=4.5=0_gnu
  - biom-format=2.1.8=py36hc1659b7_0
  - biopython=1.76=py36h516909a_0
  - blast=2.9.0=h20b68b9_1
  - boost=1.68.0=py36h8619c78_1001
  - boost-cpp=1.68.0=h11c811c_1000
  - bowtie2=2.3.5.1=py36he513fc3_0
  - brotlipy=0.7.0=py36h8c4c3a4_1000
  - bzip2=1.0.8=h516909a_2
  - ca-certificates=2020.4.5.1=hecc5488_0
  - certifi=2020.4.5.1=py36h9f0ad1d_0
  - cffi=1.14.0=py36hd463f26_0
  - chardet=3.0.4=py36h9f0ad1d_1006
  - click=7.1.2=pyh9f0ad1d_0
  - cryptography=2.9.2=py36h45558ae_0
  - curl=7.69.1=h33f0ec9_0
  - cycler=0.10.0=py_2
  - dendropy=4.4.0=py_1
  - freetype=2.10.2=he06d7ca_0
  - future=0.18.2=py36h9f0ad1d_1
  - gmp=6.2.0=he1b5a44_2
  - gnutls=3.6.5=hd3a4fd2_1002
  - h5py=2.10.0=nompi_py36h513d04c_102
  - hdf5=1.10.5=nompi_h3c11f04_1104
  - icu=58.2=hf484d3e_1000
  - idna=2.9=py_1
  - kiwisolver=1.2.0=py36hdb11119_0
  - krb5=1.17.1=h2fd8d38_0
  - ld_impl_linux-64=2.34=h53a641e_0
  - libblas=3.8.0=14_openblas
  - libcblas=3.8.0=14_openblas
  - libcurl=7.69.1=hf7181ac_0
  - libdeflate=1.0=h14c3975_1
  - libedit=3.1.20170329=hf8c457e_1001
  - libffi=3.2.1=he1b5a44_1007
  - libgcc-ng=9.2.0=h24d8f2e_2
  - libgfortran-ng=7.5.0=hdf63c60_6
  - libgomp=9.2.0=h24d8f2e_2
  - liblapack=3.8.0=14_openblas
  - libopenblas=0.3.7=h5ec1e0e_6
  - libpng=1.6.37=hed695b0_1
  - libssh2=1.9.0=hab1572f_2
  - libstdcxx-ng=9.2.0=hdf63c60_2
  - matplotlib-base=3.0.3=py36h5f35d83_1
  - metaphlan=3.0=pyh5ca1d4c_1
  - msgpack-python=1.0.0=py36hdb11119_1
  - muscle=3.8.1551=hc9558a2_5
  - ncurses=6.1=hf484d3e_1002
  - nettle=3.4.1=h1bed415_1002
  - numpy=1.18.4=py36h7314795_0
  - openssl=1.1.1g=h516909a_0
  - pandas=1.0.3=py36h830a2c2_1
  - pcre=8.44=he1b5a44_0
  - perl=5.26.2=h516909a_1006
  - perl-archive-tar=2.32=pl526_0
  - perl-carp=1.38=pl526_3
  - perl-common-sense=3.74=pl526_2
  - perl-compress-raw-bzip2=2.087=pl526he1b5a44_0
  - perl-compress-raw-zlib=2.087=pl526hc9558a2_0
  - perl-exporter=5.72=pl526_1
  - perl-exporter-tiny=1.002001=pl526_0
  - perl-extutils-makemaker=7.36=pl526_1
  - perl-io-compress=2.087=pl526he1b5a44_0
  - perl-io-zlib=1.10=pl526_2
  - perl-json=4.02=pl526_0
  - perl-json-xs=2.34=pl526h6bb024c_3
  - perl-list-moreutils=0.428=pl526_1
  - perl-list-moreutils-xs=0.428=pl526_0
  - perl-pathtools=3.75=pl526h14c3975_1
  - perl-scalar-list-utils=1.52=pl526h516909a_0
  - perl-types-serialiser=1.0=pl526_2
  - perl-xsloader=0.24=pl526_0
  - pip=20.1.1=pyh9f0ad1d_0
  - pycparser=2.20=py_0
  - pyopenssl=19.1.0=py_1
  - pyparsing=2.4.7=pyh9f0ad1d_0
  - pysam=0.15.3=py36hda2845c_1
  - pysocks=1.7.1=py36h9f0ad1d_1
  - python=3.6.10=h8356626_1011_cpython
  - python-dateutil=2.8.1=py_0
  - python_abi=3.6=1_cp36m
  - pytz=2020.1=pyh9f0ad1d_0
  - raxml=8.2.12=h14c3975_1
  - readline=8.0=hf8c457e_0
  - requests=2.23.0=pyh8c360ce_2
  - samtools=0.1.19=h94a8ba4_6
  - scipy=1.4.1=py36h2d22cac_3
  - setuptools=46.4.0=py36h9f0ad1d_0
  - six=1.15.0=pyh9f0ad1d_0
  - sqlite=3.30.1=hcee41ef_0
  - tbb=2020.1=hc9558a2_0
  - tk=8.6.10=hed695b0_0
  - tornado=6.0.4=py36h8c4c3a4_1
  - urllib3=1.25.9=py_0
  - wheel=0.34.2=py_1
  - xz=5.2.5=h516909a_0
  - zlib=1.2.11=h516909a_1006
prefix: /home/stubbendieck/miniconda3/envs/metaphlan

